0 0.971728 0.675442 0.0556839 0.327282
0 0.325339 0.730718 0.201339 0.532938
9 0.768372 0.274387 0.124853 0.277566
0 0.632201 0.774 0.0811511 0.445293
5 0.536723 0.498989 0.489631 0.451579
0 0.802203 0.755905 0.128764 0.480204
0 0.501813 0.777316 0.126313 0.438225
24 0.36643 0.764339 0.130564 0.32166
24 0.68435 0.723572 0.0590554 0.173073
0 0.0278114 0.559116 0.0282931 0.111799
26 0.577656 0.776501 0.0483408 0.129408
9 0.843967 0.295693 0.0467131 0.252451
24 0.507003 0.722694 0.108566 0.267865
0 0.0508605 0.556825 0.0278936 0.110159
0 0.00824136 0.560076 0.0164827 0.104775
24 0.0358536 0.832644 0.071665 0.328028
0 0.242154 0.551241 0.0205144 0.0810519
26 0.0335716 0.838232 0.0666941 0.318797
1 0.447504 0.94599 0.114821 0.107333
